60 1717 0,97 59 55
0 1 10
0 2 17
0 3 16
0 4 40
0 5 31
0 6 9
0 7 12
0 8 2
0 9 33
0 10 21
0 11 35
0 12 20
0 13 17
0 14 5
0 15 34
0 16 27
0 17 22
0 18 15
0 19 5
0 20 8
0 22 33
0 23 9
0 24 16
0 25 23
0 26 10
0 27 20
0 28 4
0 29 25
0 30 3
0 31 32
0 32 32
0 33 37
0 34 31
0 35 25
0 36 26
0 37 8
0 38 1
0 39 36
0 40 11
0 41 20
0 42 17
0 43 7
0 44 39
0 45 19
0 46 20
0 48 22
0 49 14
0 50 29
0 51 37
0 52 40
0 53 17
0 54 15
0 55 10
0 56 7
0 57 8
0 58 20
0 59 34
1 2 20
1 3 13
1 4 19
1 5 9
1 7 3
1 8 40
1 9 4
1 10 40
1 11 19
1 12 1
1 13 2
1 14 5
1 15 34
1 16 12
1 17 3
1 18 29
1 19 14
1 20 30
1 21 37
1 22 13
1 23 29
1 24 38
1 25 2
1 26 4
1 27 24
1 28 32
1 29 30
1 30 30
1 31 14
1 32 26
1 33 3
1 34 4
1 36 18
1 37 32
1 38 13
1 39 35
1 40 7
1 41 27
1 42 7
1 43 2
1 44 34
1 45 36
1 46 20
1 47 15
1 48 17
1 49 23
1 51 5
1 52 37
1 53 24
1 54 40
1 55 8
1 56 6
1 57 29
1 59 10
2 3 29
2 4 12
2 5 21
2 6 13
2 7 30
2 8 17
2 9 10
2 10 36
2 11 17
2 12 38
2 13 9
2 14 4
2 15 14
2 16 7
2 17 4
2 18 16
2 19 34
2 20 35
2 21 23
2 22 27
2 23 22
2 24 8
2 25 5
2 26 21
2 27 30
2 28 28
2 29 29
2 30 3
2 31 10
2 32 39
2 33 29
2 34 25
2 35 9
2 37 25
2 38 32
2 39 1
2 40 8
2 41 3
2 42 3
2 43 12
2 44 30
2 45 21
2 46 40
2 47 12
2 48 20
2 49 19
2 50 33
2 51 1
2 52 27
2 53 4
2 54 40
2 55 11
2 56 3
2 57 7
2 58 26
2 59 8
3 4 21
3 5 11
3 6 10
3 7 10
3 8 10
3 9 15
3 11 16
3 12 11
3 13 8
3 14 31
3 15 10
3 16 18
3 17 35
3 18 25
3 19 5
3 20 24
3 21 35
3 22 31
3 24 30
3 25 12
3 26 21
3 27 37
3 28 14
3 29 39
3 30 24
3 31 24
3 32 12
3 33 33
3 34 14
3 35 3
3 36 25
3 37 19
3 38 22
3 39 19
3 40 17
3 41 7
3 42 34
3 43 20
3 44 20
3 45 25
3 46 22
3 47 33
3 48 27
3 49 31
3 50 2
3 51 36
3 52 23
3 53 15
3 54 22
3 55 9
3 56 11
3 57 34
3 58 3
3 59 33
4 5 17
4 6 24
4 7 37
4 8 28
4 9 9
4 10 8
4 11 24
4 12 15
4 13 21
4 14 20
4 16 16
4 17 11
4 18 1
4 19 24
4 20 26
4 21 25
4 22 4
4 23 40
4 24 30
4 25 27
4 26 29
4 27 38
4 28 5
4 29 35
4 30 4
4 31 32
4 32 29
4 33 18
4 34 20
4 35 34
4 36 10
4 37 24
4 38 1
4 39 12
4 40 36
4 41 37
4 42 19
4 43 36
4 44 8
4 45 23
4 46 8
4 47 10
4 48 22
4 49 20
4 50 27
4 51 14
4 52 14
4 53 27
4 54 4
4 55 9
4 56 18
4 57 19
4 58 18
4 59 10
5 6 20
5 7 15
5 8 29
5 9 30
5 10 21
5 11 37
5 12 17
5 13 1
5 14 40
5 15 1
5 16 22
5 17 37
5 18 25
5 19 14
5 20 20
5 21 22
5 22 28
5 23 5
5 24 13
5 25 5
5 26 21
5 27 31
5 28 6
5 30 1
5 31 7
5 32 17
5 33 24
5 34 34
5 35 13
5 36 40
5 38 36
5 39 2
5 40 11
5 41 8
5 42 36
5 43 12
5 44 20
5 45 18
5 46 11
5 47 5
5 48 6
5 49 22
5 50 32
5 51 30
5 52 34
5 53 33
5 54 3
5 55 36
5 56 39
5 57 6
5 58 32
5 59 23
6 7 27
6 8 32
6 9 35
6 10 20
6 11 39
6 12 31
6 13 9
6 14 11
6 15 11
6 16 30
6 17 14
6 18 39
6 19 8
6 20 28
6 21 16
6 22 20
6 23 13
6 24 3
6 25 9
6 26 20
6 27 6
6 28 19
6 29 25
6 30 34
6 31 33
6 32 19
6 33 3
6 34 15
6 36 31
6 37 30
6 38 35
6 39 1
6 40 26
6 41 32
6 42 26
6 43 39
6 44 20
6 45 18
6 46 24
6 47 11
6 48 32
6 49 40
6 51 14
6 52 6
6 53 27
6 54 32
6 55 30
6 56 25
6 57 29
6 59 24
7 8 18
7 9 40
7 10 22
7 11 19
7 12 15
7 13 7
7 14 5
7 15 6
7 16 11
7 17 9
7 18 17
7 19 5
7 20 12
7 21 28
7 22 12
7 23 7
7 24 21
7 25 24
7 26 17
7 27 38
7 28 23
7 29 27
7 30 25
7 31 32
7 32 25
7 33 5
7 34 37
7 35 17
7 36 11
7 37 23
7 38 2
7 39 10
7 40 31
7 41 16
7 42 9
7 43 1
7 44 1
7 45 26
7 46 21
7 47 11
7 48 6
7 49 39
7 50 11
7 51 7
7 52 5
7 53 28
7 54 24
7 55 25
7 56 33
7 57 5
7 58 22
7 59 36
8 9 27
8 10 12
8 11 31
8 12 30
8 13 31
8 14 19
8 15 37
8 16 18
8 17 30
8 18 35
8 19 5
8 20 17
8 21 17
8 22 5
8 23 8
8 24 35
8 25 6
8 26 8
8 27 39
8 28 18
8 29 31
8 30 32
8 31 35
8 32 5
8 33 24
8 34 38
8 35 34
8 36 12
8 37 18
8 38 26
8 39 30
8 40 25
8 41 15
8 42 40
8 43 25
8 44 28
8 45 26
8 46 13
8 47 36
8 48 38
8 49 30
8 50 30
8 51 16
8 52 13
8 53 24
8 54 24
8 55 9
8 56 28
8 57 17
8 58 2
8 59 15
9 10 23
9 11 32
9 12 1
9 13 6
9 14 18
9 15 33
9 16 24
9 17 31
9 18 14
9 19 7
9 20 21
9 21 3
9 22 4
9 23 17
9 24 8
9 26 24
9 27 13
9 28 29
9 29 30
9 30 18
9 31 3
9 32 17
9 33 31
9 34 25
9 35 25
9 36 7
9 37 23
9 38 6
9 39 26
9 40 9
9 41 16
9 42 27
9 43 35
9 44 14
9 45 17
9 46 12
9 47 33
9 48 6
9 49 7
9 50 2
9 51 23
9 53 12
9 54 28
9 55 25
9 56 8
9 57 9
9 58 13
9 59 29
10 11 22
10 12 8
10 13 21
10 14 4
10 15 9
10 16 8
10 17 29
10 18 37
10 19 9
10 20 38
10 21 20
10 22 34
10 24 11
10 25 18
10 26 33
10 27 27
10 28 3
10 29 7
10 30 2
10 31 20
10 32 22
10 33 27
10 34 1
10 35 29
10 36 23
10 37 17
10 38 28
10 39 22
10 40 14
10 41 37
10 42 29
10 43 32
10 44 36
10 45 29
10 46 13
10 47 26
10 48 28
10 49 25
10 50 37
10 51 5
10 52 34
10 53 12
10 54 24
10 55 38
10 56 3
10 57 26
10 58 38
10 59 4
11 12 27
11 13 26
11 14 14
11 15 27
11 16 32
11 17 17
11 18 30
11 19 1
11 20 32
11 21 13
11 22 15
11 23 33
11 24 7
11 25 1
11 26 20
11 27 23
11 28 31
11 29 10
11 30 2
11 31 37
11 32 32
11 33 15
11 35 28
11 36 27
11 37 35
11 38 11
11 39 40
11 40 13
11 42 21
11 43 18
11 45 21
11 46 24
11 47 25
11 48 39
11 49 8
11 50 25
11 51 19
11 52 19
11 53 37
11 54 3
11 55 13
11 56 40
11 57 8
11 58 9
11 59 40
12 13 14
12 15 4
12 16 19
12 18 15
12 19 14
12 20 18
12 21 6
12 22 20
12 23 18
12 24 18
12 25 31
12 26 31
12 27 3
12 28 28
12 29 3
12 30 36
12 32 38
12 33 14
12 34 27
12 35 26
12 36 13
12 37 3
12 38 24
12 39 33
12 40 38
12 41 24
12 43 37
12 44 12
12 45 7
12 46 15
12 47 39
12 48 5
12 49 19
12 50 17
12 51 10
12 52 33
12 53 27
12 54 6
12 55 1
12 56 7
12 57 8
12 58 34
12 59 2
13 14 8
13 15 2
13 16 22
13 17 20
13 18 14
13 19 29
13 20 9
13 21 31
13 22 6
13 23 5
13 24 6
13 25 5
13 26 24
13 27 30
13 28 10
13 29 27
13 30 12
13 31 19
13 32 15
13 33 23
13 34 34
13 35 37
13 36 31
13 37 9
13 38 39
13 39 35
13 40 30
13 41 9
13 42 12
13 43 32
13 44 26
13 45 19
13 46 11
13 47 37
13 48 38
13 49 21
13 50 35
13 52 30
13 53 28
13 54 13
13 55 37
13 56 11
13 58 22
13 59 3
14 15 8
14 16 15
14 18 22
14 19 29
14 20 11
14 21 14
14 22 16
14 23 20
14 24 18
14 25 18
14 26 27
14 27 25
14 28 2
14 29 22
14 30 21
14 32 21
14 33 5
14 34 24
14 35 17
14 36 33
14 37 27
14 38 31
14 39 28
14 40 2
14 41 18
14 43 32
14 44 40
14 45 35
14 46 12
14 47 26
14 48 17
14 49 14
14 50 6
14 51 17
14 52 17
14 53 3
14 54 13
14 55 22
14 56 14
14 57 32
14 58 31
14 59 7
15 16 2
15 17 9
15 18 14
15 19 38
15 20 1
15 21 25
15 22 4
15 23 30
15 24 8
15 25 20
15 26 2
15 27 2
15 28 22
15 29 33
15 30 11
15 31 35
15 32 33
15 33 2
15 34 4
15 35 11
15 36 16
15 37 21
15 38 24
15 39 38
15 40 1
15 41 4
15 42 14
15 43 19
15 44 14
15 45 34
15 46 37
15 47 36
15 48 22
15 49 7
15 50 28
15 51 17
15 52 14
15 53 13
15 54 23
15 55 32
15 56 33
15 57 24
15 58 37
15 59 13
16 17 30
16 18 7
16 19 40
16 20 5
16 21 6
16 22 33
16 23 37
16 24 40
16 25 29
16 26 7
16 27 7
16 28 35
16 29 2
16 30 2
16 31 4
16 32 2
16 33 10
16 34 31
16 35 19
16 36 9
16 37 7
16 38 15
16 39 32
16 40 26
16 41 14
16 42 24
16 43 1
16 44 22
16 45 12
16 46 23
16 47 13
16 48 13
16 49 25
16 50 8
16 51 38
16 52 24
16 54 39
16 55 18
16 56 20
16 57 31
16 58 26
16 59 9
17 18 35
17 19 2
17 20 34
17 21 37
17 22 18
17 23 8
17 24 20
17 25 2
17 26 29
17 27 34
17 28 1
17 29 29
17 30 18
17 32 37
17 33 16
17 34 34
17 35 25
17 36 32
17 37 40
17 38 10
17 39 22
17 40 18
17 41 30
17 43 7
17 44 29
17 45 34
17 46 3
17 47 34
17 48 9
17 49 15
17 50 31
17 51 37
17 52 16
17 53 12
17 54 36
17 55 23
17 56 2
17 57 13
17 58 31
17 59 2
18 19 26
18 20 24
18 21 20
18 22 2
18 23 29
18 24 30
18 25 9
18 26 7
18 27 17
18 29 23
18 30 16
18 31 1
18 32 36
18 33 22
18 34 15
18 35 37
18 36 16
18 37 2
18 38 25
18 39 23
18 40 29
18 41 36
18 42 18
18 43 33
18 44 13
18 45 9
18 46 11
18 47 26
18 48 37
18 49 40
18 50 13
18 51 14
18 52 27
18 53 29
18 54 11
18 55 35
18 56 36
18 57 31
18 58 14
18 59 32
19 20 29
19 21 1
19 22 9
19 23 35
19 24 16
19 25 20
19 26 21
19 28 27
19 29 10
19 30 40
19 31 2
19 32 5
19 33 25
19 34 20
19 35 8
19 36 21
19 37 32
19 38 2
19 39 7
19 40 39
19 41 29
19 42 33
19 43 36
19 44 13
19 45 14
19 46 1
19 47 5
19 48 33
19 49 16
19 50 5
19 51 11
19 52 22
19 53 10
19 54 31
19 55 33
19 56 11
19 57 20
19 58 30
19 59 9
20 21 40
20 22 8
20 23 38
20 24 21
20 25 4
20 26 19
20 27 36
20 28 10
20 29 8
20 30 6
20 31 6
20 32 21
20 33 2
20 34 32
20 35 21
20 36 12
20 37 10
20 38 28
20 39 37
20 40 11
20 41 6
20 42 20
20 43 31
20 44 24
20 45 16
20 46 11
20 47 10
20 48 38
20 50 36
20 51 36
20 52 25
20 53 14
20 55 34
20 56 23
20 57 33
20 58 27
20 59 17
21 22 27
21 23 19
21 24 34
21 25 40
21 26 39
21 27 23
21 28 37
21 29 15
21 30 1
21 31 2
21 32 34
21 33 38
21 34 22
21 35 29
21 36 25
21 37 21
21 38 38
21 39 24
21 40 34
21 41 2
21 42 30
21 43 6
21 44 36
21 45 20
21 46 6
21 48 35
21 49 24
21 50 5
21 51 28
21 52 28
21 53 4
21 54 25
21 55 25
21 56 25
21 57 2
21 58 17
21 59 5
22 23 10
22 24 11
22 25 17
22 26 15
22 27 2
22 28 2
22 29 30
22 30 23
22 31 24
22 32 27
22 33 39
22 34 25
22 35 11
22 36 3
22 37 29
22 38 13
22 39 38
22 40 38
22 41 12
22 42 26
22 43 34
22 44 16
22 45 40
22 46 34
22 47 17
22 48 2
22 49 5
22 50 4
22 51 2
22 52 4
22 53 8
22 54 3
22 55 13
22 57 37
22 58 10
22 59 5
23 24 17
23 25 17
23 26 36
23 27 3
23 28 30
23 29 1
23 30 20
23 31 27
23 32 38
23 33 9
23 34 36
23 35 11
23 36 27
23 37 11
23 38 27
23 39 3
23 40 31
23 41 22
23 42 35
23 43 37
23 44 21
23 45 36
23 46 17
23 47 19
23 48 13
23 49 6
23 50 12
23 51 20
23 52 4
23 53 22
23 54 28
23 55 4
23 56 5
23 57 25
23 58 29
23 59 34
24 25 26
24 26 36
24 27 16
24 28 1
24 29 31
24 30 16
24 31 13
24 32 23
24 33 24
24 34 35
24 35 13
24 36 18
24 37 32
24 38 35
24 39 10
24 40 21
24 41 21
24 42 28
24 43 21
24 44 16
24 45 3
24 46 32
24 47 26
24 48 33
24 49 4
24 50 19
24 51 15
24 52 13
24 53 36
24 54 18
24 55 30
24 56 22
24 57 31
24 58 3
24 59 13
25 26 15
25 27 4
25 28 31
25 29 31
25 30 20
25 31 12
25 32 16
25 33 29
25 34 26
25 35 10
25 36 35
25 37 40
25 38 30
25 39 3
25 40 25
25 41 7
25 42 13
25 43 32
25 44 34
25 45 28
25 46 11
25 47 23
25 48 32
25 49 2
25 50 28
25 51 25
25 53 11
25 54 32
25 55 6
25 56 5
25 57 29
25 58 14
25 59 14
26 27 30
26 28 13
26 29 9
26 30 27
26 31 21
26 32 30
26 33 8
26 34 15
26 35 15
26 36 3
26 37 28
26 38 18
26 39 31
26 40 17
26 41 11
26 42 17
26 43 4
26 44 40
26 45 33
26 46 35
26 47 20
26 48 31
26 49 40
26 50 12
26 51 15
26 52 21
26 53 4
26 54 38
26 55 35
26 56 33
26 57 18
26 58 10
26 59 27
27 28 20
27 29 40
27 30 26
27 31 16
27 32 17
27 33 2
27 34 30
27 35 21
27 36 20
27 37 11
27 38 10
27 39 39
27 40 39
27 41 7
27 42 14
27 43 26
27 44 25
27 45 23
27 46 27
27 47 31
27 48 12
27 49 27
27 50 17
27 51 40
27 52 10
27 53 10
27 54 26
27 55 30
27 56 26
27 57 4
27 58 2
27 59 36
28 29 16
28 30 37
28 31 29
28 32 28
28 33 40
28 34 16
28 35 8
28 36 32
28 37 35
28 38 29
28 39 27
28 40 36
28 41 21
28 42 6
28 43 16
28 44 17
28 45 16
28 46 25
28 47 13
28 48 31
28 49 15
28 50 11
28 51 19
28 52 25
28 53 2
28 54 9
28 55 2
28 56 33
28 57 14
28 58 14
28 59 34
29 30 31
29 31 38
29 32 24
29 33 14
29 34 8
29 35 5
29 36 8
29 38 6
29 39 38
29 40 39
29 41 11
29 42 19
29 43 40
29 44 7
29 45 27
29 46 23
29 47 34
29 48 16
29 49 36
29 50 27
29 51 21
29 52 32
29 53 32
29 54 25
29 55 25
29 56 36
29 57 10
29 58 29
29 59 27
30 31 40
30 32 36
30 33 22
30 34 18
30 35 32
30 36 35
30 37 40
30 38 4
30 39 26
30 41 32
30 42 38
30 43 38
30 44 19
30 45 16
30 46 38
30 47 20
30 48 9
30 49 1
30 50 39
30 51 7
30 52 25
30 53 1
30 54 25
30 55 32
30 56 35
30 57 33
30 58 38
30 59 16
31 32 18
31 33 32
31 34 13
31 35 16
31 36 29
31 37 32
31 38 10
31 39 35
31 40 2
31 41 5
31 43 14
31 44 29
31 45 12
31 46 33
31 47 19
31 48 31
31 49 11
31 50 22
31 51 11
31 52 9
31 53 18
31 54 21
31 55 6
31 56 24
31 57 9
31 58 5
31 59 5
32 33 2
32 34 11
32 35 37
32 36 29
32 37 27
32 38 5
32 39 14
32 40 39
32 41 23
32 42 40
32 43 39
32 44 21
32 45 31
32 46 24
32 47 1
32 48 1
32 49 3
32 50 25
32 51 16
32 52 40
32 53 34
32 54 7
32 55 17
32 56 40
32 57 31
32 58 18
32 59 7
33 34 29
33 35 35
33 36 3
33 37 40
33 38 22
33 39 13
33 40 38
33 41 28
33 42 7
33 43 28
33 44 28
33 45 7
33 46 4
33 47 9
33 48 14
33 49 19
33 50 26
33 51 9
33 52 22
33 53 39
33 54 28
33 55 34
33 56 10
33 57 37
33 58 1
33 59 21
34 35 37
34 36 6
34 37 20
34 38 23
34 39 34
34 40 40
34 42 1
34 43 16
34 45 3
34 46 24
34 47 36
34 48 32
34 49 5
34 50 18
34 51 6
34 52 38
34 53 36
34 54 8
34 55 19
34 56 37
34 57 5
34 58 24
34 59 24
35 36 12
35 37 3
35 38 34
35 39 30
35 40 6
35 41 22
35 42 4
35 43 1
35 44 19
35 45 30
35 46 3
35 47 27
35 48 28
35 49 28
35 51 28
35 52 36
35 53 2
35 54 34
35 55 33
35 56 24
35 57 21
35 59 21
36 37 21
36 38 16
36 39 20
36 40 3
36 41 25
36 42 32
36 43 24
36 44 20
36 45 27
36 46 1
36 47 10
36 48 18
36 49 35
36 50 7
36 51 27
36 52 26
36 53 14
36 54 9
36 55 6
36 56 11
36 57 9
36 58 18
36 59 18
37 38 17
37 39 39
37 40 27
37 41 12
37 42 38
37 43 23
37 44 10
37 45 24
37 46 20
37 47 13
37 48 31
37 49 9
37 50 10
37 51 23
37 52 9
37 53 23
37 54 32
37 55 27
37 56 5
37 57 26
37 58 17
37 59 15
38 39 4
38 40 32
38 41 26
38 42 32
38 44 20
38 45 33
38 46 32
38 47 23
38 48 23
38 49 17
38 50 13
38 51 12
38 52 9
38 53 7
38 54 36
38 55 16
38 56 23
38 57 30
38 58 15
38 59 37
39 40 40
39 41 20
39 42 5
39 43 36
39 44 26
39 45 23
39 47 40
39 48 20
39 49 8
39 50 13
39 51 33
39 52 30
39 53 32
39 54 39
39 55 20
39 56 17
39 57 2
39 58 37
39 59 2
40 41 36
40 42 17
40 43 32
40 44 17
40 45 11
40 46 6
40 47 21
40 48 10
40 49 4
40 50 26
40 51 5
40 52 36
40 53 9
40 54 18
40 55 26
40 56 15
40 57 21
40 58 36
40 59 22
41 42 12
41 43 11
41 45 16
41 46 40
41 47 25
41 48 23
41 49 32
41 50 35
41 51 34
41 52 31
41 53 14
41 54 4
41 55 15
41 56 21
41 57 32
41 58 33
41 59 36
42 43 14
42 44 6
42 45 37
42 46 27
42 47 1
42 48 12
42 49 25
42 50 30
42 51 4
42 52 12
42 53 8
42 54 39
42 55 9
42 56 21
42 57 25
42 58 11
42 59 3
43 44 1
43 45 32
43 46 37
43 47 23
43 48 36
43 49 8
43 50 21
43 51 39
43 52 34
43 53 9
43 54 8
43 55 21
43 56 32
43 57 17
43 58 38
43 59 12
44 45 17
44 46 11
44 47 11
44 48 19
44 49 24
44 50 18
44 51 4
44 52 28
44 53 35
44 54 20
44 55 36
44 56 38
44 57 30
44 58 3
44 59 32
45 46 28
45 47 40
45 48 27
45 49 28
45 50 2
45 51 9
45 52 37
45 53 9
45 54 9
45 55 33
45 56 15
45 57 3
45 58 35
45 59 38
46 47 15
46 48 2
46 49 39
46 50 12
46 51 23
46 52 26
46 53 17
46 54 31
46 55 7
46 56 17
46 57 34
46 58 15
46 59 15
47 48 29
47 49 15
47 50 37
47 51 5
47 52 26
47 53 4
47 54 36
47 55 12
47 56 13
47 57 32
47 58 3
47 59 17
48 49 25
48 50 22
48 51 11
48 52 28
48 53 38
48 54 3
48 55 3
48 56 12
48 57 32
48 58 35
48 59 37
49 50 31
49 51 9
49 52 30
49 53 38
49 55 40
49 56 7
49 57 30
49 58 25
49 59 5
50 51 25
50 52 10
50 53 38
50 54 36
50 55 35
50 56 24
50 57 12
50 59 5
51 52 38
51 53 36
51 54 33
51 55 38
51 56 30
51 58 5
51 59 26
52 53 10
52 54 4
52 55 31
52 56 21
52 57 11
52 58 9
52 59 30
53 54 5
53 55 25
53 56 17
53 57 29
53 58 21
53 59 19
54 55 35
54 56 24
54 57 16
54 58 22
54 59 13
55 56 36
55 57 19
55 58 12
55 59 34
56 57 30
56 58 20
56 59 3
57 58 21
57 59 29
58 59 28
