50 275 0,22 17 4
0 5
0 11
0 12
0 13
0 15
0 16
0 18
0 19
0 22
0 36
0 38
0 39
0 40
0 41
1 5
1 9
1 14
1 17
1 43
1 45
1 49
2 21
2 27
2 31
2 32
2 33
2 36
2 37
2 38
2 41
2 43
2 48
3 10
3 13
3 15
3 21
3 22
3 24
3 31
3 42
3 48
3 49
4 9
4 18
4 23
4 25
4 28
5 6
5 7
5 9
5 10
5 18
5 20
5 26
5 31
5 33
5 34
5 35
6 13
6 29
6 32
6 38
6 44
7 10
7 13
7 14
7 16
7 18
7 20
7 30
7 34
7 38
7 41
7 43
7 44
8 20
8 32
8 33
8 37
8 42
8 47
9 11
9 27
9 30
9 32
9 33
9 34
9 43
9 46
9 49
10 13
10 17
10 23
10 31
10 34
10 36
10 37
10 38
10 47
11 14
11 15
11 18
11 22
11 25
11 33
11 36
11 38
11 40
11 43
11 46
12 13
12 22
12 27
12 44
12 47
13 14
13 15
13 26
13 29
13 31
13 37
13 39
13 45
13 47
13 48
14 26
14 27
14 34
14 38
14 45
15 16
15 18
15 19
15 27
15 28
15 29
15 32
15 33
15 35
15 36
15 41
15 44
15 48
16 23
16 24
16 26
16 27
16 35
16 37
17 21
17 22
17 23
17 32
17 35
17 40
17 43
18 24
18 25
18 32
18 34
18 40
18 43
18 46
18 49
19 21
19 30
19 31
19 34
19 44
19 45
19 47
20 26
20 30
20 31
20 33
20 44
20 46
20 48
20 49
21 22
21 23
21 37
21 42
21 45
21 49
22 24
22 25
22 26
22 31
22 39
22 41
22 43
23 24
23 30
23 35
23 37
23 48
24 26
24 30
24 41
24 43
24 44
24 45
24 46
25 26
25 32
25 34
25 35
25 38
25 39
25 40
25 48
25 49
26 27
26 32
26 34
26 40
26 41
27 30
27 33
27 38
27 45
28 33
28 35
29 30
29 34
29 40
29 41
29 45
30 37
31 35
31 36
31 42
32 38
32 45
33 38
33 41
33 42
33 43
33 47
33 48
33 49
34 38
34 49
35 36
35 39
35 43
35 47
35 48
35 49
36 39
36 42
36 43
36 44
36 47
37 41
37 44
37 45
37 47
37 49
38 43
38 44
39 40
39 42
39 46
39 47
40 41
40 45
40 47
41 42
42 47
43 45
43 46
44 48
46 47
