60 354 0,20 18 5
11 46
27 49
28 59
5 22
53 54
7 54
6 53
5 39
5 51
52 54
9 29
29 30
4 23
27 46
8 46
16 21
9 39
36 44
1 13
27 51
17 42
22 44
2 8
33 37
11 36
17 36
0 10
32 55
2 34
23 38
22 55
8 21
46 47
20 53
6 47
15 43
25 29
36 45
47 59
8 47
37 48
34 59
3 9
1 31
38 58
42 53
3 18
45 58
18 44
4 52
16 48
54 55
26 37
15 34
37 51
4 27
7 45
4 28
8 31
11 56
12 45
31 43
7 21
15 57
42 57
15 28
44 50
20 24
23 30
15 27
21 38
34 52
12 54
30 50
16 32
3 11
13 15
16 55
16 33
23 24
26 35
44 55
10 32
3 51
31 34
9 10
17 22
35 55
13 51
35 50
2 17
12 49
0 7
18 47
13 32
13 38
48 51
29 50
27 38
18 31
5 27
28 34
26 59
2 32
26 44
20 44
11 16
12 52
20 56
16 44
18 22
47 54
12 39
30 44
15 33
35 48
8 18
34 58
24 33
6 12
28 46
5 48
37 53
30 53
36 41
2 24
12 14
39 52
24 35
22 49
3 36
17 26
0 59
21 39
4 6
22 52
32 49
5 34
38 56
24 58
23 27
42 58
11 51
7 14
1 2
43 59
4 12
0 24
29 40
8 53
32 59
24 49
3 35
2 35
10 30
2 22
7 52
32 38
31 46
47 51
24 51
10 39
41 55
22 32
27 55
3 37
5 36
7 19
8 17
9 13
21 41
11 13
28 41
3 48
2 5
29 33
25 55
2 59
4 11
26 32
9 30
2 42
30 31
0 29
10 43
29 54
19 34
41 45
20 42
13 43
12 15
30 34
7 29
20 33
43 55
10 38
3 24
23 55
16 20
6 51
16 25
22 50
15 26
6 25
25 28
4 14
22 57
5 50
13 39
40 53
6 49
13 48
15 42
5 31
1 23
10 31
14 48
12 47
13 24
16 19
29 39
40 57
27 39
29 38
20 55
14 25
18 20
30 39
16 22
45 57
10 20
4 35
36 54
21 48
6 23
11 53
17 20
34 46
12 19
14 40
7 48
43 44
5 53
13 54
22 48
14 44
19 21
34 43
3 55
35 36
24 46
7 16
23 43
19 24
46 59
17 51
14 16
10 37
5 49
48 57
9 41
6 19
2 54
20 28
11 50
47 55
20 36
24 55
9 53
2 49
24 42
23 57
34 48
10 33
34 37
42 51
21 50
1 32
7 55
2 58
8 42
19 48
42 52
1 18
26 38
26 57
0 12
38 55
18 51
13 47
11 25
36 59
0 49
1 40
14 45
10 26
3 7
40 54
11 38
33 56
2 33
44 48
22 43
28 45
13 50
36 40
5 32
1 43
38 48
12 20
45 53
54 59
1 7
10 34
24 27
38 51
8 13
8 37
45 55
8 35
10 23
49 54
6 10
42 46
14 47
2 43
17 30
33 36
1 17
12 17
53 58
3 29
13 22
17 59
45 46
36 47
0 34
4 31
40 56
7 43
36 43
6 33
4 38
21 28
10 25
5 26
6 17
32 54
21 35
25 39
7 26
17 47
30 58
18 40
