60 354 0,20 21 5
5 53 7
2 39 12
21 39 26
28 30 13
9 17 30
50 56 43
28 38 33
24 47 42
11 36 28
15 41 42
5 45 6
47 51 8
27 53 20
41 45 45
26 52 48
2 26 12
15 36 10
32 55 35
26 44 37
1 28 7
27 32 43
31 40 41
10 29 12
10 49 14
3 13 5
23 31 40
0 1 44
24 48 1
43 51 42
39 55 43
34 57 25
18 29 20
32 59 35
33 34 33
30 43 23
31 33 30
23 49 36
7 41 43
1 23 10
1 4 31
2 36 29
16 17 14
0 38 4
44 52 19
6 51 42
19 51 14
41 54 39
9 25 21
17 40 27
14 16 33
32 34 35
0 40 23
17 51 40
36 42 46
17 24 17
15 24 2
34 49 33
11 43 42
25 33 14
43 56 12
16 33 27
43 45 28
9 58 8
13 53 4
21 26 47
12 37 37
25 56 1
14 15 27
19 54 30
28 44 6
5 50 14
15 45 8
12 49 48
9 15 33
0 56 13
32 33 38
26 37 23
12 23 17
12 40 21
33 37 50
0 14 6
35 59 5
11 52 35
14 38 19
7 34 12
14 43 39
7 28 20
3 48 9
33 46 16
41 46 33
0 32 23
13 40 26
46 51 37
30 42 35
8 20 24
25 41 32
5 32 27
21 32 50
7 18 20
3 38 1
0 30 48
3 16 39
1 39 49
32 57 28
9 36 14
7 44 44
44 54 5
5 28 33
53 56 20
10 32 17
20 56 6
19 28 47
2 37 24
3 36 46
15 32 41
13 56 24
13 50 4
34 36 29
20 21 50
45 54 39
3 30 27
6 24 7
36 48 45
28 47 26
22 31 22
0 48 32
56 57 49
7 15 13
19 30 7
25 32 22
24 49 10
32 47 12
46 56 24
26 36 49
4 46 40
11 48 34
57 58 20
53 57 14
16 37 43
22 26 3
16 38 26
1 50 42
43 52 28
43 50 33
31 36 1
16 26 36
0 21 42
7 26 50
29 53 2
19 24 40
20 28 17
2 47 13
12 57 50
2 20 40
15 29 28
5 15 39
23 40 26
17 27 6
17 19 31
27 43 8
24 53 9
20 24 8
18 28 17
7 14 37
19 36 42
23 54 33
11 59 30
41 47 28
27 49 47
4 17 11
22 38 31
25 46 13
0 46 38
5 35 38
7 20 27
17 26 31
0 29 16
29 30 49
9 52 19
2 29 45
8 16 6
11 14 40
13 51 8
3 17 46
14 40 41
11 33 32
2 58 30
0 39 12
5 13 13
14 32 36
36 57 18
36 55 29
6 8 48
27 51 12
0 57 42
0 22 38
28 55 48
49 55 21
40 42 24
22 41 35
21 31 15
8 40 10
51 58 44
12 27 11
3 19 42
3 44 27
6 33 19
15 55 15
43 49 22
26 33 14
16 49 19
16 42 40
40 55 7
53 55 11
38 56 21
12 56 13
1 29 24
0 44 15
3 47 31
49 59 30
23 53 5
38 46 14
8 15 11
7 19 35
0 34 14
23 24 48
32 37 12
2 41 46
42 45 10
20 39 27
14 25 16
5 7 14
15 50 12
8 9 25
31 42 6
25 55 26
3 11 42
22 45 39
52 53 11
1 37 49
35 46 1
21 30 49
9 48 50
53 59 16
6 49 25
19 23 16
5 11 46
8 50 12
5 58 36
51 53 8
35 39 39
32 39 12
12 15 40
29 39 39
3 8 34
14 49 20
43 59 21
23 35 38
17 58 3
2 51 28
5 41 37
28 42 50
1 18 39
33 52 9
18 27 14
0 2 13
42 43 43
31 32 42
14 50 50
39 44 38
2 10 50
43 47 3
3 46 16
42 59 26
47 53 50
33 40 39
16 51 37
3 55 26
20 27 41
8 26 39
31 41 9
15 23 19
9 37 15
2 43 18
29 38 32
10 15 17
12 51 8
29 42 16
19 26 44
12 35 3
13 37 17
32 35 21
15 38 31
19 37 38
8 55 30
34 55 36
32 54 11
12 55 4
12 21 26
35 36 47
16 48 49
28 39 30
38 50 44
7 32 10
6 59 26
2 30 19
1 56 39
15 20 41
19 42 27
22 33 30
27 38 18
32 41 8
21 59 19
17 52 20
4 15 11
42 48 15
2 21 24
31 57 9
29 33 34
26 48 40
39 59 42
33 50 4
4 8 23
1 59 23
20 50 27
5 20 24
13 35 37
38 48 36
40 53 48
37 49 35
1 52 40
16 46 45
7 11 29
6 27 19
11 53 20
18 55 42
48 59 5
10 42 35
1 2 28
54 55 37
47 55 10
10 17 10
27 44 44
39 46 8
2 25 14
22 40 3
7 31 48
26 53 12
29 37 41
46 54 6
25 39 33
12 39 11
55 58 5
28 52 26
