60 885 0,50 38 19
24 28 43
27 34 30
0 5 26
8 17 26
37 57 2
32 50 5
11 46 8
2 4 15
20 47 37
21 53 2
18 32 17
19 32 4
15 17 45
6 19 33
41 58 18
17 25 4
46 49 16
46 57 37
12 47 11
35 44 25
10 16 28
32 42 14
18 46 46
37 39 44
35 43 19
49 58 27
24 42 26
14 23 16
3 45 31
11 58 45
42 56 18
17 55 2
25 32 25
25 55 45
26 37 6
21 40 11
10 31 45
16 46 7
41 47 27
20 24 3
1 54 11
21 54 36
23 50 5
24 25 25
40 59 27
43 54 4
27 50 36
18 41 22
6 35 41
23 55 9
28 40 10
11 16 20
10 40 43
9 40 12
22 54 33
10 54 21
32 37 36
9 29 28
19 48 18
7 8 31
6 13 46
20 39 42
19 20 17
21 57 43
38 50 13
14 44 38
22 31 28
44 53 36
29 59 32
6 56 26
3 35 36
5 14 4
13 27 19
8 27 1
29 53 3
10 15 23
6 25 17
4 58 38
21 52 2
33 50 22
36 41 26
18 56 27
27 42 37
6 39 6
9 22 1
14 45 6
46 52 29
6 20 6
15 27 7
8 33 20
12 30 50
25 33 38
13 53 21
2 30 31
4 20 35
25 39 7
5 8 17
47 54 16
9 59 11
19 54 35
33 44 11
28 37 9
19 22 29
6 16 3
26 49 2
8 48 16
0 27 22
28 58 5
10 58 24
2 44 22
3 22 9
17 31 32
2 13 47
21 39 4
18 54 7
48 52 5
16 48 27
35 42 34
2 41 36
11 39 44
25 53 19
19 26 5
16 40 46
15 52 18
9 57 18
18 33 17
24 33 38
40 55 33
7 37 36
52 57 29
14 58 18
52 59 36
11 14 31
33 55 7
27 44 41
8 24 48
21 51 5
1 22 37
12 27 34
30 52 34
41 42 19
7 45 33
2 48 31
17 21 32
16 36 28
28 44 15
33 48 30
4 8 18
47 52 19
40 45 50
21 31 10
33 38 25
15 50 2
48 50 37
11 55 28
22 59 38
2 40 20
31 40 15
0 41 23
7 15 5
41 50 19
40 42 47
42 44 15
46 50 11
49 53 19
21 44 1
4 17 19
29 51 25
0 3 1
11 24 47
15 43 47
20 58 38
50 59 50
24 49 38
38 39 37
34 36 29
41 57 10
22 58 22
27 54 1
13 49 21
5 9 29
11 18 29
12 41 2
0 44 22
18 37 26
41 54 42
13 20 36
1 12 3
1 53 33
0 28 3
14 48 32
43 58 36
9 51 36
6 22 35
16 38 18
23 39 23
24 26 22
3 37 21
20 45 46
26 40 34
0 47 20
35 58 15
30 59 4
52 54 26
19 51 27
2 21 31
3 47 9
15 57 1
2 28 2
18 43 41
20 37 27
14 55 43
14 37 14
31 43 32
0 22 41
20 22 16
21 56 43
9 28 6
18 52 13
15 21 42
3 10 5
35 56 23
33 46 36
4 52 16
26 54 41
0 37 25
12 18 10
20 33 34
4 18 27
3 36 31
3 19 47
3 17 46
9 35 21
44 51 35
17 50 16
44 46 47
7 11 50
29 45 34
6 50 31
1 37 49
24 53 50
15 35 45
35 37 29
0 57 35
17 38 39
9 25 11
22 43 38
15 19 11
43 52 28
1 49 23
8 50 8
45 55 12
10 41 15
13 35 3
7 34 3
13 23 41
28 33 49
7 10 1
25 41 31
6 34 8
1 17 33
1 48 41
1 56 32
49 54 4
4 42 11
5 39 42
10 35 34
26 27 25
39 49 31
37 40 13
3 31 10
1 13 6
34 50 41
1 47 24
18 26 5
1 16 44
7 28 48
10 47 5
27 56 48
0 49 3
22 44 36
17 42 26
33 43 32
24 57 49
7 49 31
5 21 47
7 44 41
13 39 20
43 44 13
8 42 2
12 51 25
39 57 16
10 14 13
25 47 9
22 36 37
6 18 47
9 32 41
4 28 36
1 25 47
34 58 11
5 20 37
54 57 25
16 59 41
4 26 42
17 33 23
24 36 9
0 43 16
28 43 48
22 50 34
26 45 15
21 49 42
10 48 29
11 48 4
2 34 22
17 32 7
0 32 18
7 17 44
4 46 29
11 27 13
4 13 8
43 55 15
27 59 3
7 48 48
3 13 9
30 58 44
43 47 47
12 13 6
5 46 1
35 55 11
14 19 16
23 44 49
7 32 41
40 43 31
23 46 32
8 51 11
7 56 25
21 55 22
11 36 6
24 43 39
12 14 2
19 41 25
2 3 7
10 21 25
4 59 46
41 59 1
34 56 44
20 25 11
26 44 41
13 43 9
32 56 12
1 38 10
24 59 42
19 57 37
12 59 34
39 56 39
13 37 41
54 59 20
6 42 33
16 33 35
29 58 40
5 28 14
39 41 24
51 53 34
26 36 3
26 53 40
1 31 29
33 57 25
11 28 44
32 52 39
27 29 46
46 55 29
4 29 42
4 10 23
2 5 24
4 21 27
9 30 22
4 47 18
26 28 33
20 23 46
23 49 1
31 48 23
55 58 4
44 59 1
18 36 12
41 56 24
5 33 5
7 20 37
21 59 30
3 44 40
12 29 28
25 40 47
30 34 34
11 44 11
16 53 12
3 30 7
6 44 4
33 42 29
17 47 40
8 46 46
4 23 13
0 46 41
5 23 12
23 38 1
34 55 48
33 51 38
30 41 6
2 33 48
30 40 50
39 53 10
32 57 45
17 28 28
2 7 38
9 43 16
6 15 46
5 40 41
10 11 1
41 43 21
37 58 16
17 34 26
34 51 34
0 15 8
6 58 31
5 55 39
10 56 43
25 43 17
20 28 1
8 22 40
15 56 15
17 26 10
31 46 11
29 40 17
10 46 26
5 31 35
8 57 44
39 59 22
16 44 28
28 50 12
37 54 50
9 26 6
4 34 45
40 44 12
20 51 40
0 30 26
10 20 48
32 55 33
37 49 35
26 52 8
39 43 30
3 41 14
0 58 41
17 19 24
16 28 4
10 22 37
14 30 27
15 42 48
33 56 1
6 45 11
37 47 2
12 16 43
23 56 21
1 2 49
6 59 1
36 55 32
0 8 32
42 49 4
56 57 5
20 31 8
20 52 43
51 55 46
17 29 40
14 46 15
50 51 48
0 14 1
2 25 17
29 57 46
3 40 12
26 55 32
27 47 7
32 58 45
15 23 35
20 50 3
11 22 37
5 11 16
16 47 31
3 48 26
9 55 25
5 10 48
21 50 34
0 29 23
11 33 11
18 40 10
11 56 22
16 22 22
2 14 15
0 9 41
20 44 16
23 32 34
5 25 9
18 38 20
2 59 13
15 24 18
31 41 37
9 58 33
2 35 32
45 48 6
14 35 1
11 32 47
19 38 5
23 53 6
34 59 49
43 45 33
17 23 50
41 55 9
45 57 13
8 10 34
20 36 1
18 29 31
6 26 12
32 35 34
4 15 17
22 28 29
26 59 30
7 38 31
53 59 19
20 21 29
5 41 16
0 35 50
31 54 47
8 31 40
2 32 28
38 55 5
30 48 4
16 17 12
12 36 13
31 55 26
7 47 48
14 40 20
13 33 16
2 55 3
16 31 20
4 39 7
26 34 32
46 48 31
17 20 9
16 35 33
17 46 13
53 58 27
38 57 45
42 50 30
3 16 15
1 20 12
15 32 12
40 51 1
20 26 1
3 56 6
44 55 38
34 38 24
17 43 43
14 26 13
1 55 43
5 38 32
47 50 6
12 54 8
33 40 16
31 47 43
43 53 33
15 53 37
8 41 27
0 24 34
1 8 2
39 42 9
26 57 36
29 46 21
17 24 22
17 41 9
0 17 39
22 57 19
49 55 28
53 57 15
51 52 50
28 42 42
36 51 11
6 8 49
0 45 28
16 30 26
5 35 32
9 45 3
29 37 37
14 18 39
24 45 50
7 30 30
9 12 6
26 31 18
18 51 32
18 25 24
34 53 3
35 59 18
8 30 17
42 51 43
41 44 4
8 16 24
4 30 22
44 52 50
2 26 15
2 51 8
13 36 48
36 59 24
27 45 14
26 41 7
55 59 44
25 45 10
0 40 32
9 41 31
24 29 48
6 27 27
3 23 46
23 41 34
27 28 3
7 26 31
42 55 45
37 55 16
25 28 27
18 23 11
23 43 40
6 54 44
8 37 31
49 52 48
47 53 27
10 59 5
47 56 33
20 53 6
19 37 3
50 54 30
6 23 3
13 26 16
18 48 3
19 35 3
0 56 38
23 34 31
20 55 42
9 52 49
19 40 21
13 18 48
20 34 38
1 19 2
14 41 13
35 52 7
18 47 19
34 37 11
1 59 35
48 59 8
14 20 34
34 39 12
29 36 28
3 14 40
46 53 13
7 18 27
35 38 40
39 58 36
16 57 6
3 33 12
48 54 48
15 26 49
29 43 13
2 20 1
48 53 23
11 21 36
18 59 38
11 52 45
26 48 41
16 51 21
42 53 15
1 51 11
13 40 24
44 49 4
9 54 43
34 46 43
30 47 45
41 52 18
38 47 23
9 50 43
10 28 42
7 22 27
27 53 26
10 30 10
7 54 49
4 22 37
3 6 40
23 48 22
36 46 3
0 51 42
30 37 38
1 50 36
24 56 43
40 53 13
32 38 45
12 31 25
11 40 19
44 47 28
29 31 13
0 13 19
51 57 4
5 22 34
11 50 2
6 52 50
17 54 47
21 29 29
27 33 50
35 41 18
33 47 16
24 44 40
23 59 32
25 38 6
32 36 4
9 31 29
26 30 15
3 58 36
9 13 25
0 34 16
14 59 6
3 49 5
3 57 17
55 57 21
22 35 23
29 41 12
8 9 45
6 24 4
8 13 25
7 29 39
17 30 48
34 41 2
1 58 46
22 52 15
10 17 3
39 51 29
20 32 43
8 39 34
8 49 22
0 12 32
21 37 6
24 55 6
29 54 14
35 54 20
23 24 11
11 42 5
5 27 15
20 40 44
22 33 6
19 43 41
30 50 12
19 46 17
4 5 23
34 47 20
12 39 5
6 7 4
4 36 29
10 12 33
15 54 20
27 32 36
26 56 18
11 47 40
17 40 25
23 35 30
20 46 10
15 37 15
1 26 9
32 46 24
12 23 34
21 36 14
13 46 14
22 46 39
8 43 43
54 58 22
18 22 10
19 53 35
30 54 21
31 45 18
5 48 27
28 57 5
16 20 28
2 23 45
46 58 34
36 45 27
11 31 35
16 52 14
28 41 37
29 42 6
13 50 23
19 44 41
13 15 4
40 52 31
37 41 8
12 32 31
29 52 42
22 51 44
22 47 4
15 41 10
31 53 26
1 36 39
38 43 20
32 54 23
5 44 49
7 40 28
13 14 6
27 48 5
1 4 41
7 57 48
10 55 16
32 51 30
29 44 47
32 34 22
0 50 16
8 25 17
25 52 29
9 11 38
3 18 36
11 34 6
24 58 34
7 12 40
22 26 11
2 50 20
3 55 25
17 51 3
14 17 2
19 27 43
25 49 39
4 56 21
8 58 8
7 53 50
15 45 23
8 23 8
12 37 48
1 39 15
11 45 14
30 42 12
4 51 15
45 58 19
18 49 2
25 26 8
24 46 49
43 46 43
20 35 15
25 42 18
14 24 11
12 17 9
47 57 12
7 31 24
7 27 25
7 35 18
25 50 40
22 49 7
21 24 41
8 35 48
8 44 34
42 58 49
42 45 12
25 54 19
10 50 11
4 55 10
17 49 16
16 54 11
15 48 9
51 59 2
36 44 7
35 48 23
24 48 23
36 52 16
15 25 7
43 59 19
12 57 24
40 50 13
1 45 43
2 37 26
5 13 13
11 41 33
1 43 34
1 27 16
18 44 16
2 45 50
8 11 16
8 45 35
29 55 37
1 30 31
42 54 7
4 33 28
