60 885 0,50 38 20
24 39
2 31
41 43
3 46
8 19
8 20
11 29
5 6
40 51
11 33
34 59
1 49
5 47
6 32
32 52
5 24
12 13
7 38
7 8
26 46
2 52
40 54
9 32
46 57
22 38
26 32
1 13
0 4
26 48
31 42
19 31
36 54
34 45
4 36
21 44
4 7
7 59
17 56
23 51
1 39
7 19
26 41
11 54
52 59
22 27
24 43
19 42
36 44
20 57
38 47
20 29
37 48
15 39
7 20
50 59
15 17
13 36
16 55
2 54
14 30
0 28
35 41
7 18
12 58
8 53
1 38
16 33
12 52
48 54
20 31
23 40
4 38
17 49
14 37
25 26
2 30
11 31
23 55
9 43
18 29
44 47
33 34
34 43
3 53
15 36
3 49
33 56
8 17
1 14
21 27
4 43
25 42
23 31
6 20
4 15
18 37
44 58
12 31
11 58
20 26
30 52
14 32
2 42
21 53
3 42
37 46
27 31
22 41
3 38
8 57
4 17
27 54
18 50
17 22
30 39
10 43
38 49
26 31
13 37
8 36
10 12
3 31
2 3
31 48
52 55
5 46
28 44
17 51
30 58
32 57
1 12
19 52
45 48
7 46
2 4
25 55
31 41
44 51
25 44
29 33
29 57
14 40
19 20
6 15
2 40
45 50
46 56
21 59
42 53
45 58
46 59
10 59
5 57
27 45
15 48
18 48
18 59
5 42
3 58
7 21
23 58
17 21
16 24
22 48
5 16
17 20
2 8
50 56
9 19
14 19
16 32
32 33
5 45
14 27
24 52
18 25
18 33
17 41
35 49
9 10
7 36
22 53
23 46
21 22
37 43
9 23
19 54
32 43
8 29
4 51
42 48
20 21
45 49
20 51
42 52
36 41
6 23
23 56
6 50
48 49
32 40
3 50
41 48
16 43
47 58
5 55
13 18
6 26
16 40
11 53
2 38
20 56
47 59
8 54
2 55
27 28
34 35
13 33
12 55
31 54
41 56
32 53
10 20
35 43
3 34
3 7
15 51
1 32
48 52
17 40
7 12
39 40
26 27
31 44
24 36
39 44
12 34
33 50
35 46
27 35
2 35
18 44
15 58
41 47
11 36
6 33
26 57
37 39
4 39
16 42
39 48
6 44
19 22
10 30
12 56
0 21
5 21
7 56
34 38
26 55
32 41
40 43
49 56
1 30
21 55
11 55
36 46
17 36
13 20
3 41
28 43
17 18
20 24
0 5
0 18
37 49
36 59
18 41
3 48
3 55
34 53
38 53
55 58
24 46
38 48
4 32
7 24
11 18
3 24
0 56
16 46
1 52
9 22
41 49
14 34
34 48
40 45
27 29
0 35
17 53
17 43
4 47
26 47
11 51
39 53
32 56
29 44
26 28
0 53
3 51
10 34
4 19
20 30
3 16
31 43
27 47
17 25
6 25
9 18
30 44
21 51
33 38
39 42
21 58
3 44
10 31
12 46
35 55
43 53
3 18
7 32
4 55
7 15
19 50
44 54
13 59
2 37
15 38
11 47
4 6
1 28
2 53
33 41
11 30
27 33
24 38
1 51
17 35
22 56
3 11
22 23
14 58
19 25
38 39
7 16
11 34
14 17
22 35
19 24
3 9
1 57
11 24
14 15
2 45
5 11
23 50
15 55
24 26
12 40
1 41
6 14
5 44
15 29
42 59
29 59
13 25
13 22
32 37
19 46
0 14
36 58
22 52
41 58
14 21
42 58
17 52
18 21
39 55
24 55
11 17
42 50
43 57
22 40
10 55
52 53
16 44
3 6
4 12
31 53
27 36
23 41
23 48
23 35
6 34
21 43
4 53
16 30
39 49
29 58
24 48
12 37
6 57
0 50
47 57
1 42
8 45
13 16
38 45
17 34
4 49
5 26
33 54
15 41
9 11
35 48
51 58
30 48
0 58
26 35
54 59
6 46
39 59
23 47
13 19
15 26
9 25
23 44
33 35
1 3
9 12
8 49
16 29
37 50
34 55
33 59
35 54
56 58
50 53
1 19
17 44
23 26
18 26
27 43
19 38
19 41
6 7
18 20
24 28
33 39
3 39
23 42
25 51
15 30
53 56
30 31
47 55
47 53
6 11
14 20
5 58
17 59
26 33
27 49
2 32
7 57
39 43
20 22
14 41
54 56
29 32
0 38
14 36
15 54
3 8
7 34
29 37
46 58
0 7
11 19
24 45
19 44
5 38
23 49
19 48
24 58
4 44
46 52
6 58
7 55
23 43
38 42
12 57
44 56
33 43
20 58
47 48
14 55
48 59
27 51
15 44
43 51
34 37
7 33
27 46
51 55
16 26
8 13
21 37
6 54
5 8
7 9
17 50
54 57
4 54
15 47
14 45
5 56
36 55
6 42
13 42
48 53
0 24
11 39
10 42
50 52
6 59
16 52
6 30
22 51
22 26
2 41
12 17
0 17
9 42
47 49
42 49
1 50
4 23
3 32
2 10
20 37
4 31
12 42
13 26
32 46
20 43
32 48
21 50
19 27
41 59
32 45
38 58
12 32
29 56
45 55
17 58
13 58
6 53
0 34
21 26
0 2
13 27
21 24
9 35
23 53
30 47
12 26
17 38
38 54
33 36
9 46
2 14
33 48
15 37
30 37
31 58
19 39
46 54
44 50
26 59
34 44
31 57
6 39
9 16
43 44
7 40
42 55
25 50
0 47
36 49
14 42
28 54
28 52
51 56
24 34
31 50
39 41
32 44
19 35
22 46
12 39
48 57
27 52
21 47
25 29
36 52
29 42
9 21
35 38
26 39
12 19
7 28
24 32
28 37
44 53
34 46
8 18
33 51
26 49
18 56
10 58
0 51
6 49
37 52
22 39
2 59
28 36
9 49
21 41
38 51
4 28
6 10
4 26
31 40
27 57
10 40
24 42
31 34
9 14
45 51
40 58
34 54
11 14
17 47
41 57
9 26
23 52
12 16
14 59
1 48
40 47
1 45
35 56
2 16
2 46
12 25
8 26
7 52
40 44
2 48
42 45
5 32
36 48
15 49
28 41
32 58
7 13
40 48
10 49
12 29
21 56
28 40
45 52
40 46
14 53
10 13
15 31
41 45
17 42
17 26
27 53
4 5
44 59
16 31
31 32
1 26
6 35
34 42
42 54
35 52
29 46
11 35
10 28
25 36
33 49
10 18
11 56
16 50
26 42
3 12
4 24
6 41
8 58
2 57
6 48
23 29
21 25
20 42
8 31
39 57
17 48
21 38
28 35
15 16
10 56
9 48
12 47
51 53
35 58
13 48
43 50
8 16
13 54
11 43
36 37
29 36
28 58
37 51
18 54
8 41
20 34
6 43
24 35
13 31
12 30
3 22
41 51
32 47
1 5
5 13
51 54
24 30
10 48
11 41
1 2
6 36
1 46
43 47
10 23
37 38
5 31
17 24
29 35
28 57
4 14
29 51
13 15
20 25
38 50
43 56
44 49
6 16
49 57
26 29
42 51
16 34
20 53
6 40
19 47
4 21
11 45
14 38
42 44
29 48
11 40
20 40
35 59
9 33
27 41
43 54
14 51
31 37
24 37
30 42
8 59
9 55
18 23
31 38
33 57
18 22
2 19
12 24
8 38
7 51
32 36
21 29
12 44
13 30
23 37
0 41
33 44
7 29
12 33
40 50
22 36
33 47
7 27
51 57
26 53
3 40
50 55
5 7
20 47
47 50
4 40
29 52
16 47
1 55
5 30
9 51
0 37
2 11
20 23
18 35
6 51
41 53
12 18
36 42
33 52
46 48
15 28
9 31
39 52
22 37
4 25
5 39
14 31
29 53
13 49
7 47
41 50
3 47
36 47
14 47
37 59
0 16
36 53
45 53
34 52
28 47
1 33
25 57
5 19
37 53
23 59
18 42
13 17
1 56
2 5
17 37
9 27
16 39
25 54
3 52
12 23
40 53
30 36
39 54
4 10
10 15
31 36
47 52
11 22
37 44
4 50
