50 238 0,19 18 3
0 3 38
0 20 7
0 26 24
0 27 20
0 34 46
0 37 45
0 38 36
0 40 44
1 4 19
1 7 55
1 13 13
1 25 19
1 26 9
1 29 52
1 30 45
1 34 34
1 36 43
1 42 15
1 46 10
1 48 49
2 7 23
2 8 36
2 13 34
2 16 21
2 18 37
2 20 31
2 30 26
2 31 13
2 33 44
2 34 23
2 45 60
3 5 38
3 8 45
3 11 20
3 14 5
3 24 30
3 34 46
3 37 5
3 45 33
4 7 39
4 9 51
4 15 6
4 17 10
4 18 7
4 19 10
4 24 6
4 28 4
4 29 48
4 33 45
4 38 59
4 39 35
4 43 7
5 13 55
5 22 21
5 27 37
5 31 5
5 41 24
5 45 8
5 48 17
6 8 52
6 12 47
6 13 29
6 14 28
6 20 37
6 27 34
6 30 8
6 39 3
6 45 22
7 10 50
7 17 21
7 21 28
7 27 18
7 32 28
7 39 1
7 45 50
8 18 60
8 19 60
8 22 41
8 26 34
8 44 10
8 48 9
9 10 57
9 12 47
9 14 58
9 23 18
9 26 58
9 30 58
9 32 18
9 34 43
9 40 28
9 41 49
10 19 49
10 24 18
10 34 20
10 35 43
10 36 30
10 42 59
10 43 56
10 48 37
10 49 55
11 22 18
11 24 50
11 26 30
11 29 46
11 31 11
11 32 57
11 34 27
11 38 26
11 42 36
11 48 19
12 31 20
12 33 32
12 45 9
13 14 35
13 18 11
13 28 33
13 32 43
13 33 52
13 38 40
13 42 31
14 18 14
14 21 45
14 36 1
14 39 33
14 47 58
15 16 8
15 17 35
15 21 40
15 26 46
15 30 48
15 33 41
15 36 12
15 45 8
16 22 28
16 30 36
16 32 19
16 42 27
16 43 12
17 26 46
17 31 35
17 41 56
17 43 9
17 49 57
18 29 4
19 30 20
19 34 28
19 36 8
19 41 41
19 42 5
19 46 56
20 21 31
20 27 41
20 36 2
20 39 38
20 44 5
20 46 32
21 26 49
21 43 39
21 44 9
21 46 25
21 48 40
22 23 57
22 25 20
22 27 19
22 35 28
22 36 10
22 37 13
22 42 6
22 49 20
23 28 50
23 31 55
23 32 37
23 34 49
24 41 40
25 28 36
25 38 42
25 39 38
25 41 4
25 46 56
25 47 51
26 27 9
26 29 33
26 30 43
26 31 45
26 32 17
26 36 8
26 38 23
26 40 50
26 41 39
26 44 18
27 28 50
27 29 56
27 30 29
27 39 19
28 36 35
28 39 33
28 43 44
30 32 18
30 36 53
30 41 30
30 43 37
30 49 27
31 32 35
31 35 56
31 38 25
31 42 54
31 45 1
31 46 58
31 47 7
32 37 40
32 41 49
33 47 5
34 42 13
34 48 44
34 49 9
35 37 32
35 38 55
35 42 58
35 46 54
35 48 16
36 42 8
36 44 9
36 48 56
36 49 43
37 39 19
37 43 47
38 47 44
38 49 5
39 44 33
41 48 16
42 48 29
43 45 57
44 46 45
44 47 58
44 48 12
45 49 54
47 48 60
48 49 56
