50 608 0,50 33 17
0 2 4
0 3 1
0 4 10
0 5 8
0 6 44
0 9 15
0 12 1
0 13 34
0 15 1
0 22 53
0 23 36
0 24 3
0 27 19
0 28 1
0 30 8
0 31 46
0 35 45
0 36 8
0 38 29
0 39 8
0 41 47
0 43 45
0 44 60
0 47 34
0 49 52
1 4 3
1 7 40
1 8 31
1 11 22
1 12 7
1 14 1
1 16 56
1 21 35
1 22 25
1 24 33
1 27 18
1 29 54
1 30 8
1 34 17
1 35 33
1 36 52
1 38 47
1 41 33
1 43 42
1 46 35
1 47 46
1 48 24
1 49 5
2 3 52
2 4 26
2 6 8
2 7 54
2 8 4
2 10 29
2 13 53
2 17 17
2 18 21
2 21 45
2 24 54
2 25 49
2 26 18
2 27 58
2 28 24
2 29 8
2 30 50
2 33 27
2 34 22
2 35 13
2 37 4
2 38 57
2 42 25
2 44 35
3 4 30
3 5 31
3 7 5
3 8 26
3 9 41
3 10 19
3 12 55
3 17 40
3 19 23
3 21 34
3 22 32
3 23 30
3 27 7
3 28 19
3 29 56
3 30 40
3 31 48
3 32 38
3 34 2
3 36 48
3 37 24
3 38 45
3 39 3
3 43 2
4 6 16
4 7 50
4 8 24
4 10 34
4 12 9
4 15 54
4 16 52
4 18 14
4 21 43
4 22 49
4 25 46
4 26 23
4 27 33
4 28 21
4 30 52
4 32 23
4 34 38
4 35 13
4 39 44
4 41 40
4 43 31
4 45 23
4 46 56
4 48 35
4 49 21
5 6 16
5 7 16
5 9 3
5 11 7
5 12 9
5 16 12
5 18 13
5 22 31
5 23 59
5 25 4
5 26 51
5 27 55
5 28 47
5 30 17
5 35 38
5 36 35
5 37 19
5 38 60
5 39 29
5 45 21
5 46 25
5 48 1
5 49 8
6 8 35
6 9 30
6 10 49
6 12 31
6 14 7
6 16 14
6 21 17
6 22 1
6 24 20
6 27 59
6 28 21
6 29 14
6 30 7
6 34 1
6 37 37
6 41 36
6 42 5
6 43 48
6 44 32
6 46 40
7 8 60
7 10 38
7 13 52
7 15 14
7 17 39
7 22 42
7 23 30
7 25 31
7 26 11
7 31 38
7 32 4
7 34 44
7 39 24
7 40 55
7 42 19
7 44 4
7 46 29
7 47 7
7 48 35
8 9 19
8 13 11
8 17 39
8 18 41
8 19 11
8 22 47
8 23 9
8 24 10
8 25 13
8 27 37
8 28 19
8 32 28
8 34 54
8 37 18
8 41 22
8 42 22
8 43 16
8 44 36
8 45 3
8 46 55
8 49 27
9 11 20
9 13 44
9 14 23
9 17 38
9 18 59
9 19 3
9 20 53
9 21 25
9 29 17
9 34 17
9 36 23
9 37 5
9 38 53
9 39 8
9 41 20
9 42 11
9 45 30
9 47 35
9 49 41
10 12 36
10 13 46
10 14 54
10 18 18
10 21 45
10 22 29
10 27 59
10 29 17
10 30 4
10 32 16
10 33 28
10 34 47
10 35 2
10 37 57
10 38 43
10 39 13
10 40 50
10 41 46
10 44 42
10 45 53
10 46 14
10 49 28
11 12 47
11 14 47
11 15 15
11 16 57
11 17 25
11 18 18
11 19 6
11 24 45
11 25 25
11 26 23
11 27 40
11 29 11
11 31 55
11 32 13
11 35 44
11 36 7
11 40 43
11 41 39
11 43 29
11 44 40
11 45 13
11 47 10
11 48 56
12 13 22
12 14 13
12 15 45
12 16 26
12 18 50
12 20 38
12 21 32
12 22 6
12 23 28
12 24 13
12 25 37
12 27 42
12 29 2
12 30 7
12 32 41
12 35 40
12 36 18
12 38 16
12 39 8
12 42 14
12 43 45
12 44 60
12 47 39
13 14 19
13 16 42
13 18 49
13 19 19
13 20 27
13 23 50
13 25 46
13 27 54
13 28 56
13 34 24
13 36 13
13 38 53
13 40 19
13 41 28
13 48 49
14 15 8
14 16 24
14 22 27
14 28 1
14 29 47
14 36 48
14 37 44
14 38 13
14 40 14
14 43 4
14 47 1
14 48 15
15 17 40
15 19 3
15 20 26
15 22 57
15 23 55
15 24 17
15 25 29
15 28 50
15 29 53
15 30 28
15 31 48
15 33 33
15 34 20
15 35 53
15 37 4
15 42 1
15 45 28
15 49 60
16 18 48
16 20 27
16 21 26
16 27 45
16 28 59
16 29 43
16 32 13
16 35 17
16 43 60
16 48 52
16 49 26
17 18 31
17 22 59
17 27 35
17 28 31
17 29 12
17 30 56
17 32 1
17 33 51
17 34 42
17 40 15
17 41 49
17 42 17
17 45 27
17 46 10
17 47 5
17 48 7
17 49 48
18 20 60
18 21 24
18 22 13
18 23 16
18 25 10
18 33 4
18 34 59
18 36 10
18 38 12
18 40 27
18 42 30
18 45 48
18 46 46
18 49 17
19 22 42
19 23 36
19 24 3
19 30 28
19 31 36
19 34 9
19 35 47
19 36 11
19 41 28
19 43 58
19 44 44
19 46 24
19 47 20
20 24 52
20 29 59
20 30 44
20 31 34
20 33 3
20 36 57
20 42 55
20 43 28
20 44 52
20 45 33
20 48 53
21 24 20
21 26 16
21 27 4
21 29 42
21 30 41
21 33 56
21 36 54
21 38 55
21 39 11
21 41 60
21 42 29
21 43 58
21 44 29
21 48 56
22 23 23
22 24 17
22 27 34
22 28 34
22 29 44
22 32 31
22 33 48
22 35 18
22 36 57
22 39 27
22 40 57
22 41 27
22 44 51
22 45 58
22 49 36
23 24 38
23 25 42
23 26 44
23 27 4
23 29 56
23 30 22
23 35 8
23 36 48
23 38 8
23 40 18
23 42 22
23 46 17
23 48 47
23 49 2
24 25 51
24 26 23
24 27 25
24 31 60
24 32 20
24 34 33
24 35 59
24 37 33
24 39 30
24 41 47
24 43 50
24 44 59
25 26 59
25 27 59
25 28 20
25 36 20
25 39 11
25 40 3
25 46 54
25 48 21
25 49 16
26 27 28
26 28 52
26 29 27
26 31 17
26 32 56
26 33 30
26 34 1
26 35 59
26 39 27
26 40 36
26 42 30
26 43 47
26 44 24
27 29 10
27 31 51
27 34 47
27 35 1
27 36 37
27 41 55
27 42 3
27 43 38
27 44 10
27 46 29
27 47 31
27 48 37
28 36 41
28 37 3
28 43 8
28 47 3
28 48 25
28 49 13
29 30 12
29 31 25
29 32 11
29 33 31
29 34 31
29 35 50
29 36 50
29 38 54
29 40 8
29 41 6
29 43 51
29 45 28
29 46 22
29 47 34
29 48 18
30 31 55
30 32 45
30 35 18
30 36 44
30 37 14
30 39 47
30 40 14
30 41 15
30 42 10
30 44 29
30 45 56
30 47 27
30 48 34
31 33 56
31 36 12
31 37 51
31 38 19
31 40 27
31 41 3
31 42 12
31 43 19
31 46 26
31 48 52
32 33 25
32 34 50
32 35 57
32 38 38
32 41 56
32 44 29
32 45 11
32 46 37
32 48 13
33 34 40
33 37 44
33 38 11
33 41 51
33 43 9
33 44 9
33 48 50
33 49 24
34 37 1
34 38 48
34 42 7
34 43 27
34 44 18
34 46 22
34 48 8
35 36 15
35 38 7
35 42 17
35 43 48
35 44 59
35 45 23
35 46 39
35 48 40
35 49 39
36 39 52
36 44 52
36 45 5
36 46 56
36 48 51
36 49 3
37 38 40
37 42 33
37 44 23
37 45 18
37 46 22
37 47 21
37 49 27
38 39 49
38 40 22
38 41 11
38 42 4
38 43 18
38 49 19
39 43 30
39 44 18
39 45 51
39 49 41
40 45 55
40 47 20
41 42 20
41 45 35
41 47 53
42 44 59
42 45 15
42 46 32
42 49 46
43 45 26
43 47 42
44 45 37
44 49 5
45 46 21
45 47 7
45 49 34
47 49 10
