30 75 0,17 5 5
0 15 68
1 16 51
2 17 1
3 18 2
4 19 28
5 20 11
6 21 60
7 22 6
8 23 29
9 24 53
10 25 42
11 26 68
12 27 63
13 28 63
14 29 70
0 1 55
1 2 19
2 3 9
3 4 64
4 5 5
5 6 7
6 7 26
7 8 11
8 9 10
9 10 55
10 11 66
11 12 41
12 13 44
13 14 58
14 15 61
15 16 32
16 17 21
17 18 35
18 19 43
19 20 48
20 21 57
21 22 12
22 23 54
23 24 29
24 25 34
25 26 35
26 27 57
27 28 70
28 29 4
0 29 9
0 2 51
1 3 38
2 4 4
3 5 67
4 6 28
5 7 24
6 8 21
7 9 2
8 10 56
9 11 68
10 12 2
11 13 47
12 14 66
13 15 27
14 16 42
15 17 2
16 18 44
17 19 40
18 20 26
19 21 10
20 22 47
21 23 62
22 24 31
23 25 61
24 26 62
25 27 45
26 28 62
27 29 42
0 28 5
1 29 57
