40 160 0,21 8 8
0 1 5
1 2 25
2 3 17
3 4 6
4 5 26
5 6 25
6 7 3
7 8 14
8 9 19
9 10 5
10 11 17
11 12 7
12 13 4
13 14 24
14 15 26
15 16 30
16 17 12
17 18 6
18 19 30
19 20 6
20 21 4
21 22 9
22 23 16
23 24 4
24 25 7
25 26 6
26 27 25
27 28 20
28 29 5
29 30 20
30 31 27
31 32 21
32 33 23
33 34 9
34 35 18
35 36 8
36 37 28
37 38 23
38 39 29
0 39 5
0 2 21
1 3 10
2 4 9
3 5 5
4 6 13
5 7 24
6 8 25
7 9 16
8 10 22
9 11 12
10 12 28
11 13 20
12 14 13
13 15 9
14 16 10
15 17 13
16 18 25
17 19 28
18 20 5
19 21 2
20 22 28
21 23 30
22 24 17
23 25 15
24 26 14
25 27 24
26 28 13
27 29 25
28 30 24
29 31 14
30 32 9
31 33 8
32 34 26
33 35 7
34 36 9
35 37 22
36 38 28
37 39 5
0 38 4
1 39 16
0 3 18
1 4 12
2 5 17
3 6 9
4 7 25
5 8 13
6 9 1
7 10 27
8 11 13
9 12 10
10 13 23
11 14 24
12 15 21
13 16 17
14 17 5
15 18 29
16 19 11
17 20 2
18 21 19
19 22 12
20 23 2
21 24 17
22 25 24
23 26 14
24 27 29
25 28 5
26 29 7
27 30 4
28 31 14
29 32 3
30 33 14
31 34 17
32 35 11
33 36 25
34 37 30
35 38 9
36 39 29
0 37 9
1 38 25
2 39 18
0 4 24
1 5 21
2 6 14
3 7 14
4 8 7
5 9 16
6 10 24
7 11 24
8 12 3
9 13 11
10 14 8
11 15 15
12 16 9
13 17 6
14 18 30
15 19 27
16 20 8
17 21 1
18 22 11
19 23 22
20 24 28
21 25 29
22 26 3
23 27 11
24 28 17
25 29 20
26 30 5
27 31 20
28 32 22
29 33 13
30 34 20
31 35 12
32 36 26
33 37 4
34 38 19
35 39 10
0 36 11
1 37 2
2 38 30
3 39 7
