40 400 0,51 20 20
0 1 19
1 2 23
2 3 15
3 4 25
4 5 2
5 6 20
6 7 29
7 8 20
8 9 22
9 10 10
10 11 9
11 12 12
12 13 7
13 14 28
14 15 19
15 16 2
16 17 1
17 18 6
18 19 30
19 20 30
20 21 11
21 22 5
22 23 10
23 24 4
24 25 1
25 26 2
26 27 28
27 28 23
28 29 17
29 30 25
30 31 19
31 32 18
32 33 30
33 34 26
34 35 24
35 36 9
36 37 6
37 38 2
38 39 13
0 39 15
0 2 29
1 3 25
2 4 26
3 5 1
4 6 1
5 7 13
6 8 6
7 9 2
8 10 1
9 11 24
10 12 26
11 13 5
12 14 5
13 15 23
14 16 22
15 17 14
16 18 15
17 19 23
18 20 2
19 21 26
20 22 9
21 23 20
22 24 16
23 25 28
24 26 24
25 27 22
26 28 17
27 29 25
28 30 20
29 31 20
30 32 8
31 33 30
32 34 10
33 35 11
34 36 30
35 37 30
36 38 15
37 39 5
0 38 26
1 39 13
0 3 20
1 4 19
2 5 10
3 6 19
4 7 4
5 8 6
6 9 10
7 10 23
8 11 29
9 12 12
10 13 19
11 14 26
12 15 18
13 16 28
14 17 10
15 18 20
16 19 19
17 20 25
18 21 10
19 22 25
20 23 23
21 24 22
22 25 2
23 26 28
24 27 29
25 28 7
26 29 10
27 30 4
28 31 16
29 32 20
30 33 11
31 34 18
32 35 15
33 36 30
34 37 7
35 38 16
36 39 19
0 37 10
1 38 9
2 39 8
0 4 1
1 5 18
2 6 4
3 7 6
4 8 10
5 9 18
6 10 22
7 11 30
8 12 22
9 13 27
10 14 3
11 15 30
12 16 22
13 17 20
14 18 6
15 19 11
16 20 28
17 21 23
18 22 10
19 23 10
20 24 7
21 25 17
22 26 21
23 27 2
24 28 8
25 29 9
26 30 11
27 31 10
28 32 11
29 33 18
30 34 5
31 35 9
32 36 20
33 37 30
34 38 15
35 39 30
0 36 19
1 37 24
2 38 21
3 39 4
0 5 16
1 6 20
2 7 18
3 8 25
4 9 27
5 10 1
6 11 14
7 12 21
8 13 13
9 14 19
10 15 15
11 16 26
12 17 22
13 18 26
14 19 5
15 20 10
16 21 2
17 22 11
18 23 14
19 24 1
20 25 22
21 26 2
22 27 14
23 28 21
24 29 15
25 30 19
26 31 27
27 32 16
28 33 14
29 34 18
30 35 26
31 36 9
32 37 20
33 38 18
34 39 27
0 35 17
1 36 7
2 37 29
3 38 1
4 39 24
0 6 9
1 7 18
2 8 24
3 9 14
4 10 15
5 11 28
6 12 1
7 13 25
8 14 1
9 15 4
10 16 29
11 17 27
12 18 19
13 19 18
14 20 2
15 21 18
16 22 1
17 23 16
18 24 9
19 25 7
20 26 27
21 27 3
22 28 7
23 29 1
24 30 11
25 31 22
26 32 12
27 33 1
28 34 18
29 35 10
30 36 27
31 37 6
32 38 20
33 39 2
0 34 3
1 35 6
2 36 16
3 37 9
4 38 25
5 39 4
0 7 1
1 8 3
2 9 1
3 10 20
4 11 14
5 12 5
6 13 3
7 14 11
8 15 13
9 16 17
10 17 3
11 18 8
12 19 11
13 20 12
14 21 4
15 22 4
16 23 18
17 24 30
18 25 9
19 26 4
20 27 16
21 28 26
22 29 23
23 30 9
24 31 24
25 32 18
26 33 13
27 34 6
28 35 3
29 36 15
30 37 27
31 38 3
32 39 24
0 33 12
1 34 27
2 35 8
3 36 14
4 37 24
5 38 20
6 39 28
0 8 17
1 9 27
2 10 10
3 11 28
4 12 27
5 13 2
6 14 28
7 15 18
8 16 10
9 17 28
10 18 13
11 19 1
12 20 17
13 21 23
14 22 16
15 23 16
16 24 23
17 25 24
18 26 21
19 27 12
20 28 9
21 29 18
22 30 5
23 31 13
24 32 4
25 33 20
26 34 1
27 35 23
28 36 13
29 37 27
30 38 12
31 39 5
0 32 22
1 33 8
2 34 21
3 35 9
4 36 9
5 37 6
6 38 14
7 39 9
0 9 23
1 10 1
2 11 16
3 12 1
4 13 2
5 14 3
6 15 2
7 16 20
8 17 19
9 18 30
10 19 30
11 20 19
12 21 5
13 22 20
14 23 23
15 24 3
16 25 16
17 26 12
18 27 26
19 28 6
20 29 26
21 30 10
22 31 17
23 32 26
24 33 6
25 34 2
26 35 14
27 36 21
28 37 2
29 38 6
30 39 14
0 31 27
1 32 19
2 33 4
3 34 28
4 35 6
5 36 26
6 37 6
7 38 22
8 39 28
0 10 15
1 11 28
2 12 7
3 13 6
4 14 19
5 15 3
6 16 2
7 17 6
8 18 29
9 19 8
10 20 11
11 21 9
12 22 27
13 23 14
14 24 30
15 25 23
16 26 27
17 27 9
18 28 26
19 29 17
20 30 22
21 31 30
22 32 24
23 33 7
24 34 9
25 35 22
26 36 15
27 37 22
28 38 3
29 39 8
0 30 29
1 31 13
2 32 25
3 33 24
4 34 18
5 35 20
6 36 30
7 37 27
8 38 13
9 39 18
