40 400 0,51 20 20
0 1
1 2
2 3
3 4
4 5
5 6
6 7
7 8
8 9
9 10
10 11
11 12
12 13
13 14
14 15
15 16
16 17
17 18
18 19
19 20
20 21
21 22
22 23
23 24
24 25
25 26
26 27
27 28
28 29
29 30
30 31
31 32
32 33
33 34
34 35
35 36
36 37
37 38
38 39
0 39
0 2
1 3
2 4
3 5
4 6
5 7
6 8
7 9
8 10
9 11
10 12
11 13
12 14
13 15
14 16
15 17
16 18
17 19
18 20
19 21
20 22
21 23
22 24
23 25
24 26
25 27
26 28
27 29
28 30
29 31
30 32
31 33
32 34
33 35
34 36
35 37
36 38
37 39
0 38
1 39
0 3
1 4
2 5
3 6
4 7
5 8
6 9
7 10
8 11
9 12
10 13
11 14
12 15
13 16
14 17
15 18
16 19
17 20
18 21
19 22
20 23
21 24
22 25
23 26
24 27
25 28
26 29
27 30
28 31
29 32
30 33
31 34
32 35
33 36
34 37
35 38
36 39
0 37
1 38
2 39
0 4
1 5
2 6
3 7
4 8
5 9
6 10
7 11
8 12
9 13
10 14
11 15
12 16
13 17
14 18
15 19
16 20
17 21
18 22
19 23
20 24
21 25
22 26
23 27
24 28
25 29
26 30
27 31
28 32
29 33
30 34
31 35
32 36
33 37
34 38
35 39
0 36
1 37
2 38
3 39
0 5
1 6
2 7
3 8
4 9
5 10
6 11
7 12
8 13
9 14
10 15
11 16
12 17
13 18
14 19
15 20
16 21
17 22
18 23
19 24
20 25
21 26
22 27
23 28
24 29
25 30
26 31
27 32
28 33
29 34
30 35
31 36
32 37
33 38
34 39
0 35
1 36
2 37
3 38
4 39
0 6
1 7
2 8
3 9
4 10
5 11
6 12
7 13
8 14
9 15
10 16
11 17
12 18
13 19
14 20
15 21
16 22
17 23
18 24
19 25
20 26
21 27
22 28
23 29
24 30
25 31
26 32
27 33
28 34
29 35
30 36
31 37
32 38
33 39
0 34
1 35
2 36
3 37
4 38
5 39
0 7
1 8
2 9
3 10
4 11
5 12
6 13
7 14
8 15
9 16
10 17
11 18
12 19
13 20
14 21
15 22
16 23
17 24
18 25
19 26
20 27
21 28
22 29
23 30
24 31
25 32
26 33
27 34
28 35
29 36
30 37
31 38
32 39
0 33
1 34
2 35
3 36
4 37
5 38
6 39
0 8
1 9
2 10
3 11
4 12
5 13
6 14
7 15
8 16
9 17
10 18
11 19
12 20
13 21
14 22
15 23
16 24
17 25
18 26
19 27
20 28
21 29
22 30
23 31
24 32
25 33
26 34
27 35
28 36
29 37
30 38
31 39
0 32
1 33
2 34
3 35
4 36
5 37
6 38
7 39
0 9
1 10
2 11
3 12
4 13
5 14
6 15
7 16
8 17
9 18
10 19
11 20
12 21
13 22
14 23
15 24
16 25
17 26
18 27
19 28
20 29
21 30
22 31
23 32
24 33
25 34
26 35
27 36
28 37
29 38
30 39
0 31
1 32
2 33
3 34
4 35
5 36
6 37
7 38
8 39
0 10
1 11
2 12
3 13
4 14
5 15
6 16
7 17
8 18
9 19
10 20
11 21
12 22
13 23
14 24
15 25
16 26
17 27
18 28
19 29
20 30
21 31
22 32
23 33
24 34
25 35
26 36
27 37
28 38
29 39
0 30
1 31
2 32
3 33
4 34
5 35
6 36
7 37
8 38
9 39
